image_width: 320
image_height: 240
camera_name: camera
camera_matrix:
  rows: 3
  cols: 3
  data: [672.634843, 0.000000, 317.779493, 0.000000, 674.293454, 231.702390, 0.000000, 0.000000, 1.000000]
distortion_model: plumb_bob
distortion_coefficients:
  rows: 1
  cols: 5
  data: [0.083007, -0.374184, -0.005620, -0.000436, 0.000000]
rectification_matrix:
  rows: 3
  cols: 3
  data: [1.000000, 0.000000, 0.000000, 0.000000, 1.000000, 0.000000, 0.000000, 0.000000, 1.000000]
projection_matrix:
  rows: 3
  cols: 4
  data: [671.545471, 0.000000, 316.979051, 0.000000, 0.000000, 675.638306, 229.744370, 0.000000, 0.000000, 0.000000, 1.000000, 0.000000]
