image_width: 640
image_height: 480
camera_name: head_camera
camera_matrix:
  rows: 3
  cols: 3
  data: [607.3610982891302, 0, 337.5229971404058, 0, 605.5752324427816, 242.2817146743932, 0, 0, 1]
distortion_model: plumb_bob
distortion_coefficients:
  rows: 1
  cols: 5
  data: [0.1044899313617024, -0.2535784283690329, -0.00358589284336544, 0.0132414510230439, 0]
rectification_matrix:
  rows: 3
  cols: 3
  data: [1, 0, 0, 0, 1, 0, 0, 0, 1]
projection_matrix:
  rows: 3
  cols: 4
  data: [610.3311157226562, 0, 344.273756781804, 0, 0, 615.7391357421875, 240.5301831753968, 0, 0, 0, 1, 0]